@5c00
81 00 00 5C B1 13 06 07 0C 43 B1 13 8A 06 1C 43 
B1 13 00 07 32 D0 10 00 FD 3F 03 43 ED 00 00 00 
00 00 00 00 D3 00 00 00 00 00 00 00 F5 00 00 00 
00 00 00 00 5C 00 00 00 00 00 00 00 1A 00 00 00 
00 00 00 00 63 00 00 00 00 00 00 00 12 00 00 00 
00 00 00 00 58 00 00 00 00 00 00 00 D6 00 00 00 
00 00 00 00 9C 00 00 00 00 00 00 00 F7 00 00 00 
00 00 00 00 A2 00 00 00 00 00 00 00 DE 00 00 00 
00 00 00 00 F9 00 00 00 00 00 00 00 DE 00 00 00 
00 00 00 00 14 00 00 00 00 00 00 00 00 00 00 00 
00 00 00 00 00 00 00 00 00 00 00 00 00 00 00 00 
00 00 00 00 00 00 00 00 00 00 00 00 00 00 00 00 
00 00 00 00 00 00 00 00 00 00 00 00 00 00 00 00 
00 00 00 00 00 00 00 00 00 00 00 00 00 00 00 00 
00 00 00 00 00 00 00 00 00 00 00 00 00 00 00 00 
00 00 00 00 00 00 00 00 00 00 00 00 00 00 00 00 
00 00 00 00 00 00 00 00 00 00 00 00 00 00 00 00 
00 00 00 00 10 00 00 00 00 00 00 00 
@ffd2
14 5C 14 5C 14 5C 14 5C 14 5C 14 5C 14 5C 14 5C 
14 5C 14 5C 14 5C 14 5C 14 5C 14 5C 14 5C 14 5C 
14 5C 14 5C 14 5C 14 5C 14 5C 14 5C 00 5C 3A 14 
B1 00 20 00 71 0D 1C 00 71 0C 18 00 B1 40 3F 00 
08 00 81 43 0A 00 81 43 0C 00 81 43 0E 00 81 93 
0E 00 03 39 0C 20 81 93 0C 00 FF 28 08 20 81 93 
0A 00 FB 28 04 20 B1 90 20 00 08 00 F6 28 81 43 
00 00 81 43 02 00 81 43 04 00 81 43 06 00 1C 41 
08 00 1D 41 0A 00 1E 41 0C 00 1F 41 0E 00 3C 80 
20 00 0D 73 0E 73 0F 73 81 4C 10 00 81 4D 12 00 
81 4E 14 00 81 4F 16 00 85 3C 37 01 10 00 47 0A 
00 18 57 51 1C 00 3F 01 08 00 4F 0A 00 18 5F 51 
1C 00 28 4F 19 4F 02 00 1A 4F 04 00 1B 4F 06 00 
2C 42 B1 13 C6 06 C9 0D CA 0E CB 0F C8 0C 1F 41 
10 00 1F 81 08 00 5F 0A 3F 50 00 01 40 18 1C 4F 
1C 5C 40 18 1D 4F 1E 5C 40 18 1E 4F 20 5C 40 18 
1F 4F 22 5C B1 13 EE 05 28 41 19 41 02 00 1A 41 
04 00 1B 41 06 00 28 57 19 67 02 00 1A 67 04 00 
1B 67 06 00 08 8C 09 7D 0A 7E 0B 7F 87 48 00 00 
87 49 02 00 87 4A 04 00 87 4B 06 00 38 40 80 00 
09 43 0A 43 0B 43 3F 01 10 00 4F 0A 00 18 5F 51 
1C 00 28 5F 19 6F 02 00 1A 6F 04 00 1B 6F 06 00 
3C 42 B1 13 4A 06 CB 0F 81 4C 00 00 81 4D 02 00 
81 4E 04 00 81 4B 06 00 37 01 10 00 47 0A 00 18 
57 51 1C 00 28 41 19 41 02 00 1A 41 04 00 3C 42 
B1 13 C6 06 87 8C 00 00 87 7D 02 00 87 7E 04 00 
87 7F 06 00 91 53 10 00 81 63 12 00 81 63 14 00 
81 63 16 00 1C 41 08 00 1D 41 0A 00 1E 41 0C 00 
1F 41 0E 00 3C 80 0C 00 0D 73 0E 73 0F 73 81 9F 
16 00 6B 3B 0B 20 81 9E 14 00 67 2B 07 20 81 9D 
12 00 63 2B 03 20 81 9C 10 00 5F 2B 3F 01 10 00 
4F 0A 00 18 5F 51 1C 00 AF 51 00 00 9F 61 02 00 
02 00 9F 61 04 00 04 00 9F 61 06 00 06 00 3F 01 
08 00 4F 0A 00 18 5F 51 1C 00 8F 43 00 00 8F 43 
02 00 8F 43 04 00 8F 43 06 00 91 83 08 00 81 73 
0A 00 81 73 0C 00 81 73 0E 00 81 93 0E 00 0D 38 
16 23 81 93 0C 00 09 28 12 23 81 93 0A 00 05 28 
0E 23 B1 90 20 00 08 00 0A 2F 81 43 00 00 81 43 
02 00 81 43 04 00 81 43 06 00 81 43 10 00 81 43 
12 00 81 43 14 00 81 43 16 00 81 93 16 00 0D 38 
8D 20 81 93 14 00 09 28 89 20 81 93 12 00 05 28 
85 20 B1 90 20 00 10 00 81 2C 37 01 10 00 47 0A 
00 18 57 51 1C 00 3F 01 1C 00 18 4F F8 00 19 4F 
FA 00 1A 4F FC 00 1B 4F FE 00 2C 42 B1 13 4A 06 
C9 0D CA 0E CB 0F C8 0C 1F 41 10 00 5F 0A 40 18 
1C 4F 1C 5C 40 18 1D 4F 1E 5C 40 18 1E 4F 20 5C 
40 18 1F 4F 22 5C B1 13 EE 05 28 41 19 41 02 00 
1A 41 04 00 1B 41 06 00 28 57 19 67 02 00 1A 67 
04 00 1B 67 06 00 08 8C 09 7D 0A 7E 0B 7F 87 48 
00 00 87 49 02 00 87 4A 04 00 87 4B 06 00 3F 01 
10 00 4F 0A 00 18 5F 51 1C 00 28 4F 19 4F 02 00 
1A 4F 04 00 1B 4F 06 00 3C 42 B1 13 4A 06 81 4C 
00 00 81 4D 02 00 81 4E 04 00 81 4F 06 00 3F 01 
10 00 4F 0A 00 18 5F 51 1C 00 BF F0 FF 00 00 00 
8F F3 02 00 8F F3 04 00 8F F3 06 00 91 53 10 00 
81 63 12 00 81 63 14 00 81 63 16 00 81 93 16 00 
8C 3B 0C 20 81 93 14 00 88 2B 08 20 81 93 12 00 
84 2B 04 20 B1 90 20 00 10 00 7F 2B 81 43 10 00 
81 43 12 00 81 43 14 00 81 43 16 00 81 93 16 00 
0D 38 4A 20 81 93 14 00 09 28 46 20 81 93 12 00 
05 28 42 20 B1 90 20 00 10 00 3E 2C 37 01 10 00 
47 0A 00 18 57 51 1C 00 1F 41 10 00 5F 0A 40 18 
1C 4F 1C 5C 40 18 1D 4F 1E 5C 40 18 1E 4F 20 5C 
40 18 1F 4F 22 5C 28 41 19 41 02 00 1A 41 04 00 
1B 41 06 00 B1 13 EE 05 87 8C 00 00 87 7D 02 00 
87 7E 04 00 87 7F 06 00 91 53 10 00 81 63 12 00 
81 63 14 00 81 63 16 00 81 93 16 00 CF 3B 0C 20 
81 93 14 00 CB 2B 08 20 81 93 12 00 C7 2B 04 20 
B1 90 20 00 10 00 C2 2B 81 43 08 00 81 43 0A 00 
81 43 0C 00 81 43 0E 00 81 93 0E 00 0D 38 52 20 
81 93 0C 00 09 28 4E 20 81 93 0A 00 05 28 4A 20 
B1 90 20 00 08 00 46 2C 17 43 00 18 57 51 08 00 
47 0A 00 18 57 51 1C 00 3F 01 08 00 4F 0A 00 18 
5F 51 1C 00 28 4F 19 4F 02 00 1A 4F 04 00 1B 4F 
06 00 3C 42 B1 13 4A 06 87 5C 00 00 87 6D 02 00 
87 6E 04 00 87 6F 06 00 3F 01 08 00 4F 0A 00 18 
5F 51 1C 00 2E 4F 3F 01 08 00 00 18 5F 51 18 00 
CF 4E 00 00 91 53 08 00 81 63 0A 00 81 63 0C 00 
81 63 0E 00 81 93 0E 00 C7 3B 0C 20 81 93 0C 00 
C3 2B 08 20 81 93 0A 00 BF 2B 04 20 B1 90 20 00 
08 00 BA 2B A1 00 20 00 37 16 10 01 B1 00 0C 02 
71 0C 08 02 81 43 00 02 81 43 02 02 81 43 04 02 
81 43 06 02 81 93 06 02 0D 38 39 20 81 93 04 02 
09 28 35 20 81 93 02 02 05 28 31 20 B1 90 40 00 
00 02 2D 2C CE 01 1F 41 00 02 5F 0A 4F 0E 4F 0D 
EF 0E 3E 01 00 02 00 18 5E 51 08 02 6E 4E 8F 4E 
00 00 8F 43 02 00 8F 43 04 00 8F 43 06 00 91 53 
00 02 81 63 02 02 81 63 04 02 81 63 06 02 81 93 
06 02 E0 3B 0C 20 81 93 04 02 DC 2B 08 20 81 93 
02 02 D8 2B 04 20 B1 90 40 00 00 02 D3 2B 81 43 
00 02 81 43 02 02 81 43 04 02 81 43 06 02 81 93 
06 02 0D 38 2B 20 81 93 04 02 09 28 27 20 81 93 
02 02 05 28 23 20 B1 90 40 00 00 02 1F 2C 3F 01 
00 02 00 18 5F 51 08 02 CF 43 00 00 91 53 00 02 
81 63 02 02 81 63 04 02 81 63 06 02 81 93 06 02 
EE 3B 0C 20 81 93 04 02 EA 2B 08 20 81 93 02 02 
E6 2B 04 20 B1 90 40 00 00 02 E1 2B 3C 01 08 02 
CD 01 B1 13 00 00 A1 00 0C 02 10 01 02 12 32 C2 
03 43 1D 15 82 48 D0 04 82 49 D2 04 82 4C E0 04 
82 4D E2 04 1C 42 E4 04 1D 42 E6 04 92 42 E8 04 
E4 04 92 42 EA 04 E6 04 B2 41 D8 04 B2 41 DA 04 
82 4A E0 04 82 4B E2 04 C0 00 82 4E D8 04 82 4F 
DA 04 82 48 E0 04 82 49 E2 04 1E 42 E4 04 1F 42 
E6 04 32 41 03 43 10 01 CF 0B 3C 90 11 00 10 38 
CD 0C 1D 83 CE 0D 5E 0D 3D F0 F0 FF 0C 8D C8 09 
C9 0A CA 0F 3F B0 00 80 0F 7F 3F E3 1E 83 F7 23 
1C 93 06 38 5F 01 5A 00 59 00 58 00 1C 83 FA 23 
CC 08 CD 09 CE 0A 10 01 B1 00 06 00 B2 40 80 5A 
5C 01 D2 D3 65 02 00 18 F1 40 41 00 00 00 3C 01 
00 00 B1 13 DE 04 D2 E3 63 02 B1 40 10 27 04 00 
81 93 04 00 F8 27 91 83 04 00 81 93 04 00 FB 23 
F2 3F 03 43 CE 0A CF 0B 3C 90 11 00 0D 38 CF 0C 
1F 83 CD 0F 5D 0D 3F F0 F0 FF 0C 8F CF 0E CE 09 
C9 08 08 43 1D 83 FA 23 1C 93 06 38 58 02 09 69 
0E 6E 0F 6F 1C 83 FA 23 CC 08 CD 09 10 01 03 43 
FF 3F 03 43 1C 43 10 01 
q
